0.0 0.8618233720492666 0.46394559910295124 0.4361052249010462 0.37120009532805165 0.4131289427965842 0.4766652645033318 0.8388470899448046 0.5694107682782314
0.0 1.0 0.6929880697655777 0.6656556252647156 0.5052512993217316 0.6086108964136271 0.6241767779936541 1.0 0.8119135484375002
0.0 0.6513752293050075 0.3625541986086627 0.5842327444925981 0.30021562243038696 0.521743962002627 0.3675198886888931 0.5888864468150362 0.4298584648671689
0.0 0.4218023546875 0.3710392890625 0.40152147660049475 0.3657999354785958 0.3995161349030857 0.3735623607161068 0.4197970129900909 0.3788017143000111
0.0 0.4941716511773803 0.2899410366790418 0.4410208205864505 0.2799860901922716 0.43603558277628285 0.3066029615793607 0.4891864133672127 0.31655790806613093
0.0 0.3996953390625 0.3284044484375 0.34808023054345755 0.32305369004603 0.34312258944680774 0.37087666474994796 0.3947376979658502 0.37622742314141794
0.0 0.5424517770619786 0.9951613876762178 0.292345514936316 0.593135605024868 0.041354486092982735 0.7492808841586704 0.2914607482186453 1.0
0.0 0.18780203593749997 0.4559630140625 0.18632882059453754 0.4423353371790383 0.15953994722355822 0.44523133916149654 0.16101316256652068 0.45885901604495827
0.0 0.31214523449709564 0.4943043364806625 0.16990743753120424 0.4481122079359854 0.15942829227567099 0.4803802713959963 0.30166608924156235 0.5265723999406735
0.0 0.41650038882754786 0.5110967279928436 0.3429220546875001 0.5005272781250001 0.31212002147870427 0.7149530353751308 0.385698355618752 0.7255224852429742
0.0 0.1391883769274138 0.4463307646844717 0.11743012639562453 0.43322086870491344 0.09295647250642006 0.47383933688955215 0.11471472303820932 0.4869492328691104
0.0 0.19415219023031974 0.4226434296813205 0.17944268033609262 0.39848688364795387 0.15382621198077295 0.4140853758416334 0.16853572187500004 0.4382419218750001
0.0 0.134481784375 0.4259473953125001 0.13013973082396765 0.41870487029126424 0.10264388082396769 0.4351892390412643 0.10698593437500004 0.4424317640625001
0.0 0.3709728559011465 0.30968287239213 0.31100766691003134 0.2897161737197245 0.3046112903574197 0.30892615605725443 0.3645764793485348 0.32889285472966