0.0 0.5188501713019548 0.45194432418393726 0.044324674419094524 0.25337995432272087 0.0 0.3677244240702834 0.4710029265665586 0.5662887939314999
0.0 0.30861331510891093 0.43063372942319933 0.0023329005717882432 0.3644466934348619 0.0 0.4462562351938086 0.2909343162974068 0.512443271182146
0.0 0.33085624999999996 0.3642218750000001 0.24778925697537998 0.29000896202083937 0.23134558116812115 0.30841447460278376 0.31441257419274116 0.3826273875819445
0.0 0.5028628412646348 0.4454092309192438 0.3355162299699036 0.36033548204683347 0.32599136117312233 0.3790716320025478 0.49333797246785344 0.46414538087495816
0.0 0.49443324760151636 0.34797165205120817 0.342465625 0.32034375000000004 0.33853704914802335 0.3419529308682418 0.4905046717495397 0.3695808329194499
0.0 0.499184385671639 0.296878391498559 0.06322547649980434 0.2648933606331058 0.0600782269820483 0.30779066069900857 0.49603713615388295 0.33977569156446175
0.0 0.0453234375 0.2765765625 0.04409231463501791 0.269585074791183 0.017765241546545452 0.27422097819217134 0.018996364411527543 0.28121246590098836
0.0 1.0 0.41715654892237974 0.5540644316900208 0.20692654595598894 0.4970058443843848 0.33480270038179805 0.9681602418857936 0.5450327033481889
0.0 0.763438036446851 0.48026294531441627 0.681630036725718 0.3479247540630981 0.6358586297036453 0.37621943768762056 0.7176666294247783 0.5085576289389387
0.0 1.0 0.308337787626474 0.9057061312943008 0.26418517594494867 0.895917060548701 0.28543332581847475 0.9917546874999996 0.32958593750000004
0.0 0.9984532563217122 0.31589963237429286 0.6419319546048223 0.2329626720609947 0.6328305267454534 0.27208700089637816 0.989351828462343 0.3550239612096763
0.0 0.6966372257847334 0.29991569184422706 0.645423899015167 0.2684889239791423 0.6329494961197981 0.28881731646539355 0.6841628228893646 0.3202440843304783
0.0 0.7247328155810904 0.24296439587782848 0.4876275386307295 0.24149020203719326 0.4874400355496391 0.2716476811593649 0.7245453125 0.27312187500000007
0.0 1.0 0.44115006892813174 0.7406525566331521 0.26882464824796815 0.721831176580402 0.29778775489920506 0.9870125566859242 0.47011317557936866
0.0 1.0 0.820517274768054 0.6845575309117952 0.7359285653045996 0.6315788907871129 0.9401630151537279 0.9576712272468345 1.0
0.0 1.0 0.7984170901774605 0.9247796875000001 0.7633140625000003 0.9192442485223831 0.7760485348225399 1.0 0.8111515625000003
0.0 0.8788927312814885 0.7861966482434273 0.6295715914470815 0.7217232854753698 0.6234968852563997 0.7452144236228948 0.8728180250908064 0.8096877863909523
0.0 0.7520414606052149 0.8574500761723712 0.5252824562898131 0.77522246419875 0.5110626168536957 0.8144365013654046 0.7378216211690976 0.896664113339026
0.0 0.637734375 0.7451859375 0.6376705430865361 0.7319395589225198 0.5137942932683921 0.7325364962674981 0.5138581251818559 0.7457828748449782
0.0 0.7633630575705296 0.9470987330581483 0.5751868961989668 0.7663371942612558 0.5157537324046322 0.8282082354983615 0.7039298937761951 1.0
0.0 1.0 0.9631259095489911 0.7775915663584476 0.7707877737849789 0.7535285146658455 0.7997058572157265 0.984673355644107 0.9920439929797388
0.0 0.5413472702830674 0.9528946217724122 0.06276345148381583 0.7405366504428503 0.00932352721289247 0.8609723603613177 0.48790734601214414 1.0
0.0 0.25550598035476085 0.9894172018756574 0.1837345308370144 0.876150749759429 0.1479441752185385 0.8988293598288759 0.21971562473628495 1.0
0.0 0.5279827014482601 0.991271719558884 0.29314236629269846 0.810771754611953 0.270614101676541 0.8400822600986831 0.5054544368321026 1.0
0.0 0.5283875878030004 0.81195393465871 0.034656276106752947 0.7373270225770482 0.024729160543879126 0.8030047740945513 0.5184604722401266 0.8776316861762131
0.0 0.4930120595198885 0.8409407680625659 0.37272968750000013 0.8182078125000002 0.3675480511310526 0.8456243757218914 0.487830423150941 0.868357331284457