0.0 0.8454418811788551 0.5230388010795474 0.44356142244480373 0.36309812559657517 0.40340652271027666 0.463994720393373 0.8052869814443282 0.6239353958763451
0.0 1.0 0.9217724863590264 0.6883566790902421 0.5143310283951813 0.5621480735040894 0.6320127524871291 0.9420620501860639 1.0
0.0 0.663591999771543 0.38250833588576877 0.6023321983576402 0.3176214661706148 0.5339731601701722 0.3821593476032229 0.595232961584075 0.4470462173183769
0.0 0.43017902411397496 0.35514141710757857 0.41015625 0.353371875 0.40940740595189873 0.36184521686483134 0.42943018006587363 0.3636147589724099
0.0 0.5164339895394421 0.2927489980350348 0.4654766378652493 0.27420175735536617 0.456165894149394 0.2997824272820365 0.5071232458235868 0.31832966796170514
0.0 0.416015625 0.31525000000000003 0.3649292387633871 0.3013024877140187 0.35222851806256295 0.34782217594959 0.4033149042991758 0.36176968823557126
0.0 0.4315216281288327 0.9981397051625753 0.2596028520510417 0.5578926347019708 0.0 0.6667992784586062 0.15263509833024608 1.0
0.0 0.18261718750000006 0.39149531249999997 0.15625000000000006 0.39149531249999997 0.15625000000000006 0.40615781249999994 0.18261718750000006 0.40615781249999994
0.0 0.2978840579297127 0.4639258956468274 0.16610891784819454 0.39536315979197784 0.15031503681228237 0.4257184374801997 0.28209017689380045 0.49428117333504923
0.0 0.3950208525465245 0.49652969401239166 0.3271484375 0.47507343750000003 0.26158484666690407 0.6824702518694785 0.32945726171342865 0.7039265083818702
0.0 0.13645243876106244 0.38886368629245976 0.11770637271862483 0.372216300664814 0.08575909544128826 0.40819106469758004 0.10450516148372588 0.4248384503252258
0.0 0.19456988784486007 0.35740288667850445 0.16894531250000006 0.3548390625000001 0.16587562899815192 0.3855195346000285 0.19150020434301193 0.38808335877853284
0.0 0.13574218750000003 0.3680359375000001 0.13273026970028917 0.36026240514760927 0.10245683220028914 0.3719920926476093 0.10546875 0.37976562500000005
0.0 0.39102378813129146 0.29208651338336356 0.33574278481544323 0.2627914838144333 0.32617921588955306 0.28083835706504745 0.3814602192054013 0.3101333866339777