0.0 1.0 0.37683322042438716 0.9649347080354257 0.2658052080385339 0.4779575252175595 0.4319149703160285 0.5158296009415974 0.5429429827018818
0.0 1.0 0.3906511122843209 0.9774969985843212 0.3327875476548935 0.6848257986128437 0.4601260376454306 0.71000169205948 0.5179896022748581
0.0 0.7647587760498333 0.3047825690039839 0.7421396986969478 0.28527448850681486 0.6714875 0.36719375000000004 0.6941065773528855 0.3867018304971691
0.0 0.6776213555429769 0.38959178137750794 0.6672167348110849 0.3634801236778906 0.49388813273516446 0.4325457642946263 0.5042927534670565 0.45865742199424364
0.0 0.6642119703087037 0.3447596119318994 0.6606255146178719 0.3229906599480134 0.5082112550244748 0.3481010552066957 0.5117977107153066 0.3698700071905817
0.0 0.941737868705928 0.2880116146040167 0.9371849305714468 0.25087034372603495 0.5029720899395235 0.30409803771338606 0.5075250280740048 0.34123930859136775
0.0 0.9856285808809375 0.2809141794884782 0.9585232085345664 0.28080267646087526 0.9584922349827221 0.28833206533650346 0.9855976073290931 0.28844356836410634
0.0 0.5061088085454328 0.3358191201194597 0.455155220129057 0.20817959606206382 0.0 0.3999996602512419 0.025596592257698482 0.5276391843086378
0.0 0.36628870555722204 0.3746359734119496 0.3314083174920794 0.34434576088350305 0.22670203765578295 0.4649192190630238 0.2615824257209256 0.4952094315914703
0.0 0.10655179589593688 0.27435903563722003 0.09651959431271483 0.2538826145736867 0.0012615484167779688 0.30055326643646674 0.011293750000000036 0.32102968750000005
0.0 0.36759375 0.25312500000000004 0.35536253522347294 0.20998032235719832 0.0037205633659789126 0.3096683654071175 0.015951778142506 0.35281304304991923
0.0 0.3707929005389369 0.2863122872877268 0.35841759759959374 0.2656603320619372 0.30688364046029315 0.2965411045742446 0.31925894339963634 0.3171930598000342
0.0 0.5171087837429382 0.2515718113224349 0.515363385755012 0.22809059314218416 0.27770303951207365 0.24575628181974932 0.2794484375 0.2692375
0.0 0.2820582508502214 0.2962936496869571 0.26433115140128355 0.2656271961302424 0.0 0.42371682099664376 0.008575939052482306 0.45438327455335853
0.0 0.33272776351404565 0.9682123700190692 0.31466115806707357 0.7346260348242285 0.0 0.7594752774415566 0.011447513475599424 0.9930616126363974
0.0 0.07068906250000007 0.7558609375 0.06075104936211693 0.7418969555384909 0.0 0.7887759666865825 0.0048189879727314365 0.8027399486480917
0.0 0.37230526810237075 0.7437899666049999 0.3681073382336367 0.7223431525913648 0.11519118728507427 0.7718481403101565 0.11938911715380829 0.7932949543237916
0.0 0.4833233431626766 0.8143075607898773 0.4705718930668258 0.7757578007393884 0.24170323740414923 0.8514627399495109 0.25445468750000005 0.8900124999999999
0.0 0.48213574601327985 0.7442971553706521 0.48194793751277426 0.7294192595289939 0.35785936671901636 0.7309856697699775 0.358047175219522 0.7458635656116358
0.0 0.4784317879354682 0.8282700056408887 0.43330606503361063 0.7710582401146218 0.2275929119744521 0.93331428407385 0.27271863487630965 0.9905260496001169
0.0 0.24133486437147936 0.795732496778118 0.217795332990403 0.765907417534148 0.0 0.9482893295555741 0.010253162248952119 0.9781144087995439
0.0 0.981530016303517 0.862338204249698 0.9296602612377907 0.7459596379880594 0.4525792359767989 0.9585939461918563 0.5044489910425252 1.0
0.0 0.8450386789372667 0.9049092788546472 0.8096505087032456 0.8816124562563148 0.7389884426715451 0.9889490345069669 0.7743766129055661 1.0
0.0 0.723078901917961 0.845328756525744 0.7015012286174795 0.8143590402059406 0.4586620114051267 0.9835535281193527 0.4802396847056081 1.0
0.0 0.9700543652180815 0.8180158944883347 0.9624430400404886 0.7522219729227972 0.4670024874881424 0.80953667710692 0.47461381266573516 0.8753305986724575
0.0 0.6272076184249531 0.8335963432869435 0.61443795429866 0.8029652376887302 0.5023433042568838 0.8496958732120963 0.5151129683831769 0.8803269788103096