0.0 0.8414055633313191 0.544947506130539 0.44630218082066675 0.36644271457077143 0.4016868481484578 0.4651945110721309 0.7967902306591103 0.6436993026318985
0.0 1.0 0.9306193958567196 0.671125260288963 0.5362142163787615 0.5565656925970164 0.641133919694794 0.91778278908963 1.0
0.0 0.6592351803900727 0.40283641477001664 0.6078823951811791 0.32828928749375935 0.5313572814776298 0.38100463509584087 0.5827100666865235 0.45555176237209827
0.0 0.4328159603460665 0.3559715784549434 0.41329009218749996 0.35515847656250005 0.4129234913668903 0.3639620463937493 0.4324493595254569 0.3647751482861926
0.0 0.5219696569536689 0.29955040192982735 0.4718723426118398 0.27867749131048225 0.4614236094597456 0.3037556166730857 0.5115209238015748 0.32462852729243086
0.0 0.4206967953125001 0.31734793437500003 0.37041586354179606 0.3011009760654063 0.3556132448535826 0.3469119793379577 0.4058941766242866 0.3631589376475516
0.0 0.4077825890745528 0.9985061168865945 0.2545230887738964 0.5524401647174149 0.0 0.6495530732248687 0.12513282239571494 1.0
0.0 0.18675872286947964 0.3888381687178651 0.16049251164004674 0.3796169649449563 0.1554773281832625 0.3939025041515907 0.1817435394126954 0.40312370792449953
0.0 0.2966189903042764 0.4603827571487483 0.16777504645700414 0.3857772813323484 0.15067082785666236 0.4153163326791594 0.27951477170393463 0.48992180849555933
0.0 0.39276725555418246 0.49762423934142497 0.32539476875 0.472874253125 0.2505267180491029 0.6766742356297842 0.3178992048532853 0.7014242218462091
0.0 0.13836437014562672 0.3778784239301143 0.12030724578511445 0.36037990540882603 0.08692215428524848 0.39483075039131765 0.10497927864576076 0.41232926891260596
0.0 0.1977819640740417 0.3491643947417015 0.17221533437500006 0.34540099999999996 0.16772848901472423 0.3758823929221701 0.19329511871376587 0.37964578766387175
0.0 0.1385018828125 0.3570395875000001 0.1358452727182702 0.3491216038608028 0.10511886334327021 0.3594308054233028 0.1077754734375 0.3673487890625001
0.0 0.3966962380163115 0.2930615746248839 0.3426445513086848 0.26121925851814287 0.3323034563567614 0.2787730577669624 0.38635514306438806 0.31061537387370347