0.0 0.5061985936592194 0.5052465136118864 0.12040675932151815 0.15019182159217 0.03013407740444667 0.24827942423519297 0.41592591174214794 0.6033341162549094
0.0 0.3255499705938577 0.4024753528781935 0.03899969919873688 0.24682625482466478 0.0 0.31953538966494016 0.28605563962344227 0.47518448771846894
0.0 0.363015521875 0.34451005937500007 0.30189152123306806 0.24935624780909255 0.2813931434440883 0.2625238008110479 0.34251714408602024 0.3576776123769555
0.0 0.508196571071258 0.4717808218781655 0.368529121569758 0.34212541581373357 0.3544284511344337 0.35731494578199613 0.4940959006359339 0.48697035184642806
0.0 0.5254183112038184 0.37597395580469073 0.385588340625 0.30576198906249996 0.37583894389297184 0.32517830684215193 0.5156689144717903 0.39539027358434264
0.0 0.5427023714967475 0.33682371794701377 0.14201208635379503 0.15031001263345206 0.12539062187500002 0.18601816250000006 0.5260809070179524 0.37253186781356173
0.0 0.11083131631633689 0.17209166134774095 0.08405571326692515 0.1679987473140145 0.08297120910454162 0.1750935098030713 0.10974681215395336 0.17918642383679778
0.0 0.9897573633771888 0.6340475374929528 0.6476931049029201 0.2571282054013696 0.5313182145127232 0.3627414950287496 0.8733824729869919 0.7396608271203328
0.0 0.7456847008543896 0.5815310991710412 0.7091102989951494 0.4302769561747155 0.6547050928864424 0.44343254868964566 0.6912794947456826 0.5946866916859713
0.0 0.9995157251711483 0.46118594779981237 0.9442881525293378 0.4136447953600758 0.9356439304979023 0.4236866091503114 0.9908715031397127 0.47122776159004803
0.0 1.0 0.4816825251559287 0.6978392164183935 0.308122117324364 0.6783555404274125 0.342713593315766 0.9864960927206571 0.5162740011473308
0.0 0.733029640094116 0.38785618045197634 0.6916881253808345 0.3430125086101721 0.6743980625672107 0.35895226904559296 0.7157395772804922 0.4037959408873972
0.0 0.7755471296897185 0.34050982272938446 0.5457832266920182 0.27375478349323235 0.5371643173147997 0.30342017326384807 0.7669282203125001 0.37017521250000013
0.0 0.9947910569194282 0.6117139989244809 0.7835920067230756 0.3706571705550071 0.7579783551927355 0.3930982642666392 0.9691774053890881 0.634155092636113
0.0 0.9111683098579209 0.9829530928687993 0.6087475971221377 0.8026905796126125 0.5267861798609277 0.9401946550702942 0.8292068925967108 1.0
0.0 0.9173953957505454 0.9729770412728774 0.8436777377428408 0.8888380804996361 0.8308196744184583 0.9001035668578856 0.9045373324261629 0.984242527631127
0.0 0.7873463939275384 0.897747102402446 0.5564871416514586 0.7762465616364574 0.5462263304123101 0.7957427975830791 0.7770855826883898 0.9172433383490677
0.0 0.6425521546828783 0.9386785543665492 0.4446674399509128 0.7946570114084348 0.42044889827625676 0.8279331387993718 0.6183336130082224 0.9719546817574862
0.0 0.5643729958501845 0.7827688317939638 0.4431964125000002 0.7548195765625 0.4396896338373157 0.7700235400810362 0.5608662171875001 0.7979727953125
0.0 0.5999530756201807 0.9597987485324311 0.44196062693786925 0.8211657750990996 0.39926070486360127 0.8698285504834982 0.5572531535459128 1.0
0.0 0.7647645640625 1.0 0.692139948170262 0.8619849503881165 0.6624821041545921 0.8775911435959365 0.73510672004683 1.0
0.0 0.3666856421875 1.0 0.07803357400370584 0.6681640342660001 0.0 0.7468497702050342 0.27622809813070737 1.0
0.0 0.1333365003651078 0.938447653053491 0.08809998522195765 0.7923594071158031 0.047950005011133376 0.8047919281317568 0.09318652015428353 0.9508801740694448
0.0 0.3892843510368183 0.9999921772488399 0.21097788904404022 0.7619208202925074 0.18179015325867282 0.7837813329052172 0.36009661525145087 1.0
0.0 0.4390086388924629 0.8311022582947494 0.010583963812771113 0.631429656267277 0.0 0.6910155804516194 0.4112378842694097 0.8906881824790919
0.0 0.3964187549149031 0.8483331863367705 0.28594828437500003 0.7919164609375 0.27339756210147065 0.8164922261092655 0.3838680326413737 0.8729089515085358