0.0 0.513570997067281 0.5038458541975227 0.16101612397892454 0.11303155812186563 0.06235446775078497 0.20203456553351135 0.41490934083914155 0.5928488616091684
0.0 0.34017703599112176 0.4081210164718573 0.10260821938571232 0.1725976630595207 0.05754569959121506 0.21805153990753867 0.2951145161966245 0.4535748933198752
0.0 0.3856665328125 0.3303498328125001 0.33343685404656265 0.22981604930180471 0.3118456315144903 0.24103320017023924 0.3640753102804277 0.34156698368093463
0.0 0.5187220170311874 0.4708984563336004 0.39138033922753684 0.328516340842393 0.3759814215708967 0.34228860433202984 0.5033230993745472 0.48467071982323723
0.0 0.5448411541261465 0.3776027358144166 0.41179893749999996 0.29414351875000017 0.40030462172550135 0.3124665908207562 0.5333468383516479 0.3959258078851727
0.0 0.5675898409152424 0.3323564952542905 0.1695126441752394 0.13675513018978241 0.1507949660281563 0.17484832470207592 0.5488721627681594 0.37044968976658404
0.0 0.14977790102523775 0.13735966256553642 0.1245923956623404 0.12652259444114622 0.12164735322424905 0.13336691628789882 0.1468328585871464 0.14420398441228902
0.0 1.0 0.6331358469014685 0.6427873081611917 0.2704939748092078 0.5480789061203662 0.3703893630042551 0.9305819344453422 0.7330312350965158
0.0 0.7638024305472237 0.5961114232225881 0.7107197216938967 0.443191467332945 0.6672959122588844 0.4582650620127956 0.7203786211122114 0.6111850179024387
0.0 1.0 0.5005246904224883 0.9594630098648954 0.4563567247130334 0.9499555318665127 0.46551996352262287 0.9925242990620138 0.5096879292320777
0.0 1.0 0.5290092508987567 0.7232241540270101 0.3273110209280075 0.7006604855624813 0.35976817162524516 0.9907972536956502 0.5614664015959944
0.0 0.7509933316351771 0.4099116428372163 0.7138862904797078 0.3613356733358877 0.6952486189865782 0.37557293612729237 0.7323556601420476 0.4241489056286209
0.0 0.797868358114417 0.3671700086404409 0.5746899669854572 0.2782298979191101 0.5633059916835403 0.30679583146616934 0.7864843828125002 0.3957359421875001
0.0 0.9914496151974651 0.6577808180180362 0.8030360784402063 0.3978088197879069 0.7755312369089926 0.4177428300125639 0.9639447736662514 0.6777148282426932
0.0 0.8491059718750001 1.0 0.5883535383594788 0.8091100437865475 0.4971010690287633 0.9337593648628111 0.7578535025442845 1.0
0.0 0.8765248701733344 0.9979375994758979 0.80390914375 0.9256859828125 0.7938079236550208 0.9358381076898729 0.8664236500783552 1.0
0.0 0.753044315584267 0.9295005518659243 0.5417514077738498 0.7750649649521153 0.5276672906281179 0.7943343194133062 0.7389601984385352 0.9487699063271151
0.0 0.6093795680864966 0.9472671303080455 0.42526314498502893 0.7848755613315879 0.398144624068762 0.8156220163500084 0.5822610471702296 0.978013585326466
0.0 0.5459865398004362 0.7850103967071524 0.4275926375000002 0.7452978390625 0.42265295707456413 0.760024365792848 0.5410468593750001 0.7997369234375002
0.0 0.5645064457935953 0.9635734219271592 0.42008875886224056 0.8108768049722824 0.3724733626177762 0.8559105819156022 0.5168910495491309 1.0
0.0 0.7133826390625 1.0 0.6673467151754718 0.8760360140602748 0.636731229568462 0.8874055433189904 0.6827671534554901 1.0
0.0 0.34282049687500005 0.9907279640625001 0.07507809432130577 0.6312794090907735 0.0 0.6952368214230825 0.2569566246481533 1.0
0.0 0.10118902158777425 0.8966749234861975 0.06956948545969023 0.7471305055198204 0.028407031722751698 0.7558338574118874 0.06002656785083573 0.9053782753782645
0.0 0.3525758253511035 0.9857404090419841 0.195113801866642 0.7293722958239238 0.16409963099928188 0.7484212876824141 0.32156165448374335 1.0
0.0 0.4162361599738841 0.8205024095061338 0.01222825788867743 0.5830859336386024 0.0 0.6395081750049966 0.38307945774945246 0.8769246508725279
0.0 0.3721919547663234 0.833426272033363 0.2671753046875001 0.7665536031250001 0.25241895089621436 0.7897269393748559 0.3574356009750376 0.8565996082832189