0.0 0.4864334909405842 0.47052758007522233 0.02241774808758199 0.37062949173427945 0.0 0.48316059198198236 0.4622066366435096 0.5830586803229252
0.0 0.2940033488334297 0.5146567142331454 0.020052240664850653 0.4286309614241353 0.0 0.49894861922536604 0.2719222939745648 0.5849743720343762
0.0 0.2887441468750001 0.4056485359375001 0.19168482472303477 0.35471522096972485 0.17999652792686835 0.37698862227621066 0.2770558500788337 0.427921937243986
0.0 0.4735141073337787 0.44053802131134157 0.2923825973747052 0.4006834868196728 0.287821642160144 0.42141218721490326 0.4689531521192175 0.4612667217065719
0.0 0.44665162186696106 0.3699559388229787 0.44490717499060545 0.3480177763206268 0.29097841562500004 0.360257659375 0.2927228625013556 0.3821958218773519
0.0 0.4453065136466033 0.3416286736648864 0.440998696745983 0.30465644676374587 0.003915301271779531 0.35558319356314316 0.008223118172399763 0.3925554204642837
0.0 0.9701410057113092 0.33090697098615607 0.4937689476059209 0.17999995754022388 0.44498918443865965 0.3339842929482484 0.9213612425440478 0.48489130639418054
0.0 0.7292179390625 0.41544445000000013 0.6357442624593194 0.30169266998242616 0.5897396938925089 0.33949617656332115 0.6832133704956898 0.4532479565808951
0.0 0.9325477424471746 0.18157598995382312 0.8302320313198515 0.16324652429935793 0.8260730951226771 0.1864618499705349 0.9283888062500003 0.20479131562500008
0.0 0.9320533296368966 0.22889395707617427 0.9305313073747037 0.1886504748806415 0.5646827953754502 0.2024869907454343 0.5662048176376431 0.24273047294096708
0.0 0.6332889798191295 0.2507877926723456 0.5765938501279361 0.23334086718318803 0.5694868625393494 0.2564355713646794 0.6261819922305429 0.27388249685383703
0.0 0.6551125859375 0.21782412656249997 0.6513157768412691 0.194763295090047 0.41477460205624395 0.23370819111991206 0.41857141115247487 0.256769022592365
0.0 0.9648900092713639 0.3089977863774997 0.6696745761361996 0.20948396835290156 0.658485321869217 0.24267775601433175 0.9537007550043815 0.3421915740389299
0.0 0.9760154140625001 0.6751926359375001 0.7114154607578168 0.6746819351851066 0.7110075981711803 0.8860002480580681 0.9756075514758635 0.8865109488104617
0.0 0.9124717052758765 0.6892552288052354 0.9114870052164784 0.6674660292561416 0.6536572793419115 0.6791179004417386 0.6546419794013097 0.7009070999908323
0.0 0.8018075982705861 0.7760232509673891 0.5632962502982971 0.7539372632556292 0.5594334607807107 0.7956523609364181 0.7979448087529997 0.817738348648178
0.0 0.6683543796875 0.6965185984375 0.6652325474945519 0.6842128205988846 0.5440816965687372 0.7149473772911441 0.5472035287616854 0.7272531551297596
0.0 0.8321344234709327 0.859375424300158 0.6098674532693309 0.7318621883354117 0.5663175875115729 0.8077734977883338 0.7885845577131747 0.9352867337530804
0.0 0.9816241365769593 0.781821857522518 0.8112825176552384 0.6851367166352349 0.7935910392051374 0.716305881334723 0.9639326581268584 0.812991022222006
0.0 0.6150112215284922 0.9215147927357596 0.09977565684958631 0.8368108737027067 0.07947278022479987 0.9603088679135297 0.5947083449037057 1.0
0.0 0.2895396791582548 0.9680082559065031 0.23578415934328145 0.9418298487861072 0.2207130661667401 0.9727772797798625 0.2744685859817134 0.9989556869002584
0.0 0.6119679684759308 0.9623221456795468 0.34466545396197507 0.847198126843541 0.32979490582792964 0.881725543004138 0.5970974203418853 0.9968495618401436
0.0 0.5793442078849663 0.8528861614992049 0.5712825799038064 0.7875202992328556 0.07543775407307532 0.8486732678258866 0.08349938205423534 0.9140391300922358
0.0 0.5471373367674784 0.8311046940792979 0.4249762047478328 0.8226617219778849 0.4228096755288232 0.854009173890413 0.5449708075484688 0.862452145991826