0.0 0.5117871758169712 0.479387573036679 0.07676762676512408 0.20018013109154867 0.0037447684558303386 0.3139534985594136 0.4387643175076774 0.5931609405045439
0.0 0.3169129729459494 0.411009977243742 0.012033523631345721 0.3108029485406943 0.0 0.390316048125248 0.29077880263617634 0.49052307682829577
0.0 0.3459765625 0.34728593750000003 0.2711201297949243 0.2647961593938928 0.2528423802652814 0.2813825432959808 0.327698812970357 0.36387232140208803
0.0 0.5085543259952339 0.4460080120812789 0.3510163721885699 0.3439067312659095 0.3395846885286965 0.3615453351889902 0.4971226423353604 0.4636466160043596
0.0 0.5103539289253473 0.3482208690152063 0.3621078125000001 0.3048609375000001 0.3559417865382149 0.3259423684587174 0.504187902963562 0.3693022999739236
0.0 0.5204219298906427 0.29790563021501854 0.09019231560293965 0.22052606357919893 0.082578333176935 0.26285972949064595 0.5128079474646381 0.34023929612646553
0.0 0.07116718749999999 0.23027343750000004 0.07067294716483095 0.22319114844935878 0.04400649412068757 0.22505207739423336 0.0445007344558566 0.23213436644487465
0.0 1.0 0.5170470659077607 0.6123802270900347 0.20850978840764145 0.5142588339088936 0.33411499083250085 0.9092174248909265 0.6426522683326201
0.0 0.7797637950133419 0.49319652342247433 0.6815837784037035 0.36626666178513656 0.6426009699933802 0.3964197930329378 0.7407809866030185 0.5233496546702756
0.0 1.0 0.35762377617089913 0.9281328883549114 0.3078839099174272 0.916349488654532 0.32770075874652826 1.0 0.3774406250000002
0.0 1.0 0.3669472777807105 0.6690684506036643 0.24925869057980093 0.6559266946140415 0.2872177064711205 0.9958617044646157 0.4049062936720301
0.0 0.7164744868023812 0.3215658249640237 0.6688268650309561 0.28495844007882576 0.6542957515518522 0.3038719189066991 0.7019433733232774 0.34047930379189706
0.0 0.7500884527967263 0.2668826974665032 0.5144189302053863 0.24359409322286654 0.5113601649086601 0.2745473332563634 0.7470296875000002 0.2978359375000001
0.0 1.0 0.4940813782150002 0.7635052639541521 0.2952426007664875 0.7417577717044663 0.3220719097226838 0.9870599394850104 0.5209106871711965
0.0 0.9903117950733791 0.8781000612041521 0.658883274445383 0.7539285596150128 0.5877401936337268 0.9438179120393981 0.9191687142617229 1.0
0.0 0.9892029301709687 0.8649887152514468 0.9035876389588356 0.795590374962054 0.892670398413418 0.8090587479034124 0.978285689625551 0.8784570881928053
0.0 0.8469011495132083 0.8242327305071274 0.6056849088549985 0.7340536265201676 0.5971890416732931 0.7567788594410754 0.8384052823315029 0.8469579634280354
0.0 0.7132983584249393 0.8818287625890433 0.4963692528082893 0.7763621838755206 0.4781336187242296 0.8138701777865845 0.6950627243408796 0.9193367565001072
0.0 0.6120093887819504 0.742577481221643 0.4888578606593369 0.7374048035448771 0.4882000343773865 0.7530663848232341 0.6113515625 0.7582390625000001
0.0 0.710454592633457 0.9569025583927093 0.5342764913734042 0.7767159077103603 0.4813961670687883 0.8284198219277726 0.657574268328841 1.0
0.0 0.9429453124999998 1.0 0.7477926557275066 0.7983215657733164 0.720857346966349 0.8243853196192982 0.9160100037388423 1.0
0.0 0.468284375 0.9990234375000002 0.0812535115546694 0.6938746005124271 0.0 0.8031355866697023 0.38213914472764127 1.0
0.0 0.21325175536349833 0.9764427224013081 0.14614853599743616 0.841030913399661 0.10818350374629811 0.8598444563703243 0.17528672311236027 0.9952562653719713
0.0 0.47647792748839024 0.9915049638998387 0.2617918299659438 0.7874458919821374 0.23632280348466866 0.8142412990746781 0.4510089010071151 1.0
0.0 0.49562183366923496 0.8132076221675687 0.012392008743093319 0.687405323667176 0.0 0.751685491798199 0.47888736803456433 0.8774877902985917
0.0 0.45741192796567676 0.8383443685412866 0.34016406250000014 0.8031609375000002 0.33214487617641975 0.8298846665788389 0.44939274164209636 0.8650680976201255