0.0 0.9636668700404218 0.2893383163624611 0.9025481550629599 0.1874323896103985 0.4665649580410743 0.44891603048415074 0.5276836730185361 0.5508219572362134
0.0 0.9667742979249265 0.3028766771292308 0.9293857349078634 0.2509589118122216 0.6739869189770422 0.4348842919900232 0.7113754819941054 0.4868020573070324
0.0 0.7311758094811992 0.2826623631507825 0.7128084326839872 0.26412124946366855 0.6342681271810445 0.3419256041148827 0.6526355039782565 0.3604667178019967
0.0 0.6500571986034643 0.36770510987810096 0.6341580694910568 0.3440643829828277 0.48162415843664874 0.44664821454679754 0.4975232875490564 0.47028894144207084
0.0 0.6264290494639574 0.32669624181311824 0.618436225 0.30587083281250005 0.47592010270819046 0.3605687428861268 0.4839129271721479 0.381394151886745
0.0 0.8838380702256377 0.2146280946118405 0.8716449239631496 0.17889136164796904 0.46120104985764565 0.3189322040654924 0.4733941961201336 0.35466893702936386
0.0 0.9259550436563035 0.20752037649349253 0.9258713488407577 0.2004164780920727 0.8992933348719541 0.20072960784858015 0.8993770296874999 0.20783350625
0.0 0.4709298793438162 0.34960979082253096 0.3931162603124759 0.23406930943394588 0.0 0.5195205317995747 0.047081560043806994 0.6350610131881598
0.0 0.3439236283131863 0.4158097730232762 0.30264423823792913 0.3938566090399072 0.22869612197351757 0.53290413489639 0.26997551204877474 0.554857298879759
0.0 0.06085509843750003 0.36126041718750007 0.044880053791523135 0.34685658271766745 0.0 0.40950792240059997 0.004365771108234906 0.4239117568704325
0.0 0.31713525468750003 0.2965795546875001 0.2959167702234741 0.2564539443994461 0.0 0.41846134120749046 0.010768149198745403 0.4585869514955445
0.0 0.32766391742623685 0.32645909973201015 0.30835599323980134 0.3084647222142719 0.26812581059518154 0.35163161230219336 0.28743373478161705 0.3696259898199316
0.0 0.4620808313949195 0.26486810008178596 0.45551740423881626 0.2420604785288703 0.2285168931563967 0.30738519094708444 0.23508032031249998 0.3301928125000001
0.0 0.24381252306901743 0.356212287764858 0.21955038113764055 0.3297023107410858 0.0 0.5398609044525072 0.014183189171130196 0.5663708814762796
0.0 0.39781139514832375 0.7921568118314719 0.1308524021626629 0.7293090538932739 0.07917427300875617 0.9488227131056879 0.346133265994417 1.0
0.0 0.14416962968750005 0.8491182296875 0.13124137831063107 0.8374910059000543 0.07797520895689729 0.8967173904503799 0.09090346033376626 0.9083446142378253
0.0 0.43482551832270816 0.776306635545427 0.42619312117058444 0.755977120968801 0.19152353764894853 0.8556234276647496 0.20015593480107227 0.8759529422413757
0.0 0.5589958881913291 0.823008833014726 0.538180434625863 0.7875411648452547 0.333107404247034 0.9078955146430289 0.3539228578125001 0.9433631828125002
0.0 0.5414978865738636 0.7546529918066394 0.5390319617141094 0.7419800426885722 0.41825775014024574 0.7654805024444327 0.42072367499999996 0.7781534515624999
0.0 0.5576248880724843 0.8377051102663036 0.5053488162416805 0.7926234166495638 0.35810152057211114 0.9633692247097958 0.41037759240291505 1.0
0.0 0.3195372154206802 0.853507330587233 0.28960592460031914 0.829233944105787 0.15633212044622705 0.9935726528360697 0.1862634112665881 1.0
0.0 1.0 0.7931513739359797 0.9387098790238809 0.692065793551473 0.5781464155144973 0.9650242309881747 0.6546715348390706 1.0
0.0 0.9320651618988689 0.8384095123396131 0.8919339647198532 0.8236242721406983 0.8480671283629878 0.9426908977600904 0.8881983255420035 0.9574761379590052
0.0 0.7996827672019888 0.8047304802220747 0.7714754128413525 0.7788317833736379 0.5746585751205316 0.9931932363154736 0.602865929481168 1.0
0.0 1.0 0.7344542117987862 0.9934136048647666 0.6710615747812743 0.5435239026798971 0.8210897574524958 0.5646639334036179 0.8844823944700078
0.0 0.7056094969969037 0.8218268464021726 0.6921287162417181 0.7946454238431498 0.5834137669657078 0.8485632198237928 0.5968945477208935 0.8757446423828155