0.0 0.5249448577304877 0.48071980169396317 0.05802637875703487 0.29484131814545417 0.011817100732884866 0.4109169682024271 0.4787355797063377 0.5967954517509361
0.0 0.32239582981452725 0.45019567757741247 0.0163029572601782 0.40875323480975717 0.00517971094482037 0.49090926108180816 0.3112725834991694 0.5323517038494635
0.0 0.33291779687500006 0.3813401640625001 0.24150046671330463 0.31422619510440264 0.2271777192506071 0.33373550671190866 0.31859504941230254 0.4008494756700062
0.0 0.5139583795301085 0.4483909498635013 0.33714744798544427 0.377117889731997 0.32940035332762446 0.3963365260678929 0.5062112848722886 0.46760958619939713
0.0 0.49380748283104303 0.35187567596178604 0.3390970046875001 0.33666222031250004 0.33695609835641255 0.35843377897600726 0.49166657649995554 0.37364723462529326
0.0 0.4938112667777764 0.30226562255088785 0.055883947683306845 0.2986668573775003 0.05554187389700286 0.3402932066809728 0.49346919299147246 0.3438919718543604
0.0 0.03865276718749999 0.31721489062499997 0.036820150130558324 0.31028248373675316 0.011084216543020487 0.31708590881395127 0.012916833599962152 0.32401831570219813
0.0 1.0 0.42432053959493093 0.5661323177458705 0.19696509453500882 0.49389346618615804 0.3371684713449933 0.9351518810875824 0.5645239164049155
0.0 0.7842009169807498 0.45287315274632745 0.6709389195551949 0.3364499763206295 0.6373741903118811 0.3691033396273064 0.750636187737436 0.48552651605300434
0.0 0.9928887103408257 0.27132222384727955 0.8918605964626842 0.23494598236101302 0.8840380970593582 0.25667149132623357 0.9850662109374998 0.29304773281250013
0.0 0.9910822067707882 0.2790136571571039 0.6267500055948259 0.2253363494275442 0.6209294047317336 0.264843403978443 0.985261605907696 0.31852071170800267
0.0 0.6884016506226336 0.2875108367476312 0.6337262579328867 0.260364111020403 0.6232917335345356 0.2813799685032953 0.6779671262242825 0.3085266942305235
0.0 0.7128014796875001 0.2585100718750001 0.712544887422844 0.23335858486552033 0.4740830912848705 0.2357913417153213 0.47433968354952655 0.260942828724801
0.0 1.0 0.4001013020254063 0.7284634778802548 0.2529990189113331 0.71259743360735 0.28301285286069683 0.990871174876179 0.4301151359747699
0.0 1.0 0.7749263964542356 0.7302804221463516 0.7231710418185124 0.6945426884865308 0.9296199237285607 0.993521778741932 0.9813752783642841
0.0 1.0 0.7411784654149763 0.9714402921874999 0.73079440625 0.9691283211547056 0.7376678673975239 0.9999999999999998 0.7480519265625001
0.0 0.9291209720763094 0.7574145777288407 0.6740240793928678 0.7135038496075384 0.669935976352563 0.7372534531137847 0.9250328690360046 0.7811641812350869
0.0 0.8126967362803604 0.8390336246886632 0.5770637046710775 0.7754183696912467 0.5663029477122544 0.8152765732734087 0.8019359793215374 0.878891828270825
0.0 0.6841503015625001 0.7360800937499999 0.6831611341450967 0.7232403477251544 0.5596920503800298 0.7327523423145117 0.5606812177974331 0.7455920883393572
0.0 0.833954566103764 0.9274324431581149 0.6251942014849138 0.7627110656851834 0.5731014331962923 0.8287310654494823 0.7818617978151425 0.9934524429224136
0.0 1.0 0.8896102101279626 0.8265843657501188 0.7502279453582055 0.8056766371113367 0.7783273550280415 0.9930025502289415 0.9177096197977985
0.0 0.6153043417866936 0.9514806836040922 0.11595579906183953 0.7793993760975148 0.07576428506423624 0.8960278131742244 0.5751128277890903 1.0
0.0 0.3154629254209977 0.9868772859341768 0.2489937119155273 0.9032529313960422 0.216479784612101 0.9290967802098138 0.28294899811757135 1.0
0.0 0.6052407918139749 0.9903352220282928 0.34994929337316205 0.8295065145731041 0.3306061248839254 0.8602108990474134 0.5858976233247383 1.0
0.0 0.5861044806730165 0.8116894251067317 0.0854503647725113 0.7773961634608665 0.0809237142718993 0.8434816302729085 0.5815778301724045 0.8777748919187734
0.0 0.5524746023084696 0.8433335993535073 0.4298651421875001 0.8304219203125 0.42695537860121247 0.8580530704720803 0.5495648387221819 0.8709647495130877