0.0 0.999398852304744 0.38555412173514536 0.9551214533345359 0.27329993724464396 0.4885040705562142 0.45735190927120384 0.5327814695264224 0.5696060937617051
0.0 1.0 0.3993442478140886 0.9719556191197025 0.34100045431946907 0.6960543931300941 0.47860191493513743 0.7251524559383432 0.536945708429757
0.0 0.7633050625275464 0.32997977903856396 0.7451701627273308 0.311752011473762 0.6693787966252586 0.3871572318385774 0.687513696425474 0.40538499940337935
0.0 0.6770304465600386 0.41004891134843613 0.6649608622750856 0.3836850241311921 0.5017936246411882 0.45838420300938 0.5138632089261412 0.484748090226624
0.0 0.6580456298477075 0.3655980971624537 0.6536335140625 0.34357517031249996 0.5057523113972949 0.3732019766430118 0.5101644271825023 0.3952249034929655
0.0 0.9287938448445084 0.298627673979436 0.9227647445117629 0.2611651898619427 0.49677524348570457 0.32972266817350626 0.5028043438184502 0.3671851522909996
0.0 0.9722768835472764 0.2906170815164622 0.9453222909190352 0.2895568890515353 0.945032005660965 0.29693717247753193 0.9719865982892062 0.29799736494245876
0.0 0.5012340034828092 0.3618294144142214 0.4421315555796451 0.2329599507258584 0.0 0.442972675267675 0.04331342422391029 0.571842138956038
0.0 0.36719398596651365 0.4053220180897248 0.3283300938273722 0.377175913510266 0.23854599189669806 0.5011490069588695 0.27740988403583955 0.5292951115383282
0.0 0.09699244280684892 0.31436318377771455 0.08548330517306037 0.2938376275140821 0.0 0.34230376717386757 0.010557254687499995 0.36282932343749996
0.0 0.35430932031249995 0.2837679406250001 0.3398340801084615 0.24012582526620568 0.002864287476988925 0.3518921466221821 0.017339527681027422 0.39553426198097646
0.0 0.3599692382277939 0.32062133169596885 0.3475081077881964 0.29716038460307315 0.29665046282520646 0.3241730940740588 0.309111593264804 0.3476340411669545
0.0 0.502372667022857 0.27702428008071156 0.49974845026919673 0.25338222583623127 0.26597008324633975 0.2793311176305196 0.26859429999999995 0.3029731718749999
0.0 0.27363675907469415 0.3304176857014903 0.2533411240853475 0.2997642471807712 0.0006244467598871317 0.46708790437019987 0.020920081749233786 0.49774134289091904
0.0 0.3788435223325659 0.9913064035880325 0.3595101653661507 0.767767695754118 0.048529791709517885 0.7946636845146859 0.06786314867593306 1.0
0.0 0.11767616875 0.7972631765625 0.10637070127950041 0.7834789294328166 0.04627017316188216 0.8327717605320497 0.05757564063238174 0.8465560076617333
0.0 0.4157832520039154 0.7746885555067784 0.4106300622243609 0.7530133400573346 0.16512986729145815 0.8113799615268038 0.17028305707101268 0.8330551769762475
0.0 0.5336974438679465 0.8416344229259167 0.5187626311929974 0.8026530347432775 0.300922309200051 0.886113489942361 0.31585712187500004 0.9250948781250002
0.0 0.5245786890625 0.7713399812499999 0.5242899778746313 0.7584647485740018 0.40130875604007865 0.7612224505538345 0.4015974672279475 0.7740976832298326
0.0 0.5311824922670234 0.8556295710710691 0.48451941172652946 0.8016115185948376 0.3094918354360149 0.952807748648586 0.35615491597650883 1.0
0.0 0.29172794102878974 0.8313319778332726 0.2650441806900628 0.8021509472052131 0.060659348506525476 0.9890448218037438 0.08734310884525245 1.0
0.0 1.0 0.8842420494907595 0.9528480554754502 0.7697254065128563 0.6552153529158566 0.9132715473827456 0.7104459173783135 1.0
0.0 0.9045565425155797 0.9192768920422694 0.8663094576890069 0.8985679124202622 0.8173132459207301 0.9890582360328537 0.8555603307473028 1.0
0.0 0.7758731959914156 0.8643583111792618 0.7513096444531979 0.8337386749542988 0.5518830078753584 0.9937218448941 0.5764465594135759 1.0
0.0 1.0 0.8298396072594703 0.9966194259103476 0.7634922774312226 0.5223612479807713 0.8364146064904985 0.5325628682017688 0.902761936318746
0.0 0.6790633608998439 0.855910651394319 0.6642789522809089 0.8250031998049439 0.5575259268439633 0.8760679194180584 0.5723103354628982 0.9069753710074335